MN_CRE106,MN_CRE111,MN_CRE112,MN_CRE11,MN_CRE124,MN_CRE127,MN_CRE128,MN_CRE129,MN_CRE12,MN_CRE131,MN_CRE132,MN_CRE133,MN_CRE134,MN_CRE137,MN_CRE138,MN_CRE142,MN_CRE143,MN_CRE144,MN_CRE145,MN_CRE146,MN_CRE147,MN_CRE150,MN_CRE151,MN_CRE153,MN_CRE156,MN_CRE157,MN_CRE158,MN_CRE159,MN_CRE15,MN_CRE161,MN_CRE162,MN_CRE163,MN_CRE169,MN_CRE174,MN_CRE178,MN_CRE179,MN_CRE184,MN_CRE188,MN_CRE189,MN_CRE18,MN_CRE190,MN_CRE196,MN_CRE197,MN_CRE198,MN_CRE19,MN_CRE203,MN_CRE204,MN_CRE205,MN_CRE207,MN_CRE209,MN_CRE20,MN_CRE210,MN_CRE214,MN_CRE215,MN_CRE216,MN_CRE219,MN_CRE220,MN_CRE221,MN_CRE222,MN_CRE223,MN_CRE225,MN_CRE226,MN_CRE227,MN_CRE229,MN_CRE22,MN_CRE230,MN_CRE232,MN_CRE235,MN_CRE236,MN_CRE237,MN_CRE238,MN_CRE23,MN_CRE240,MN_CRE241,MN_CRE243,MN_CRE248,MN_CRE249,MN_CRE250,MN_CRE30,MN_CRE31,MN_CRE36,MN_CRE39,MN_CRE3,MN_CRE40,MN_CRE41,MN_CRE42,MN_CRE47,MN_CRE4,MN_CRE50,MN_CRE60,MN_CRE63,MN_CRE67,MN_CRE6,MN_CRE73,MN_CRE76,MN_CRE77,MN_CRE78,MN_CRE81,MN_CRE82,MN_CRE83,MN_CRE94,MN_CRE97,TN_CRE104,TN_CRE106,TN_CRE10,TN_CRE110,TN_CRE111,TN_CRE112,TN_CRE113,TN_CRE114,TN_CRE117,TN_CRE121,TN_CRE125,TN_CRE126,TN_CRE12,TN_CRE131,TN_CRE134,TN_CRE136,TN_CRE142,TN_CRE144,TN_CRE145,TN_CRE148,TN_CRE150,TN_CRE153,TN_CRE155,TN_CRE21,TN_CRE24,TN_CRE25,TN_CRE29,TN_CRE37,TN_CRE39,TN_CRE3,TN_CRE40,TN_CRE41,TN_CRE42,TN_CRE44,TN_CRE50,TN_CRE51,TN_CRE53,TN_CRE56,TN_CRE58,TN_CRE59,TN_CRE64,TN_CRE66,TN_CRE70,TN_CRE72,TN_CRE74,TN_CRE76,TN_CRE77,TN_CRE79,TN_CRE7,TN_CRE82,TN_CRE85,TN_CRE86,TN_CRE88,TN_CRE89,TN_CRE94,TN_CRE95,TN_CRE99
0,128,14,18576,25,28,17,13,13,18540,18562,20,11,16,18535,18486,63679,23,12,8,24,13,12,13,34,10,19,29,16,18302,52,18377,10,31,26,36,24,12,73616,12,117435,16,18,15,16,18,13,12,15,18405,16,18443,14,58,60,18,15,16,17460,18459,17545,17187,18239,29,12,24,17,13,8,19,18,20,118651,7,9,22,11,9,23,22,10,8,11,129,126,22,24,9,73655,36,19,34,18529,15,21,18,24,10,21,10,6,27,18231,58659,63723,17883,75764,17987,62939,18260,110397,71764,18005,78,64,70561,18329,59017,17838,58,74787,18104,382,18116,18239,18209,74069,17921,66,72574,113815,62149,58413,113851,18045,71,18116,18123,63573,18146,57977,17884,75630,58593,18363,18204,63057,58667,63656,18455,62,75963,58737,71423,58754,71698,58509,79,63682
128,0,134,18676,144,146,137,133,133,18644,18663,140,131,136,18636,18588,63757,143,132,126,144,132,132,131,154,128,138,147,133,18406,171,18478,130,149,145,156,144,132,73707,132,117529,136,138,133,136,138,133,132,135,18506,136,18544,134,176,178,138,135,136,17565,18564,17650,17291,18340,146,132,144,137,131,128,139,138,139,118737,127,129,142,131,129,143,141,130,128,130,247,245,140,143,129,73750,155,135,154,18630,135,140,138,142,130,141,130,126,147,18334,58729,63801,17989,75857,18087,63017,18362,110487,71856,18107,196,182,70653,18435,59088,17940,175,74885,18206,494,18219,18340,18311,74165,18024,183,72667,113907,62227,58483,113946,18144,189,18219,18225,63653,18249,58047,17982,75726,58663,18464,18305,63135,58737,63734,18557,180,76061,58807,71515,58824,71794,58579,195,63763
14,134,0,18576,30,32,23,19,19,18541,18563,26,17,2,18535,18488,63679,29,18,12,30,17,18,17,38,14,24,33,20,18304,55,18379,16,35,32,40,30,18,73615,18,117434,22,24,20,22,24,19,18,21,18406,22,18444,20,60,61,24,21,20,17462,18460,17546,17189,18241,33,18,30,23,17,14,25,24,26,118652,13,15,28,17,15,27,28,16,14,17,134,132,28,30,15,73656,41,22,40,18530,21,26,24,28,16,27,16,12,31,18233,58658,63723,17884,75765,17988,62939,18262,110396,71765,18007,82,68,70562,18330,59017,17839,62,74788,18106,387,18118,18239,18211,74070,17923,69,72575,113816,62149,58412,113852,18047,75,18118,18125,63573,18148,57976,17883,75631,58592,18364,18206,63057,58666,63656,18456,66,75966,58736,71424,58753,71699,58508,81,63684
18576,18676,18576,0,18252,18581,18538,18574,18570,14,11,18539,18574,18580,11,6,65138,18565,18571,18565,18496,18573,18568,18246,18579,18571,18579,18584,18575,21,18553,28,18569,18586,18581,18589,18566,18572,75589,18573,119514,18572,18577,18413,18544,18547,18574,18573,18574,18,18577,19,18575,18556,18556,18578,18575,18574,18153,42,18147,18015,47,18579,18568,18536,18576,18572,18569,18577,18520,18580,121399,18571,18570,18579,18570,18570,18554,18531,18568,18569,18570,18663,18652,18524,18553,18570,75597,18589,18575,18587,10,18564,18563,18574,18576,18569,18577,18568,18574,18582,437,59867,65230,19039,77725,19073,64612,550,112959,73483,436,18566,18559,72430,436,60151,19019,18567,76737,441,18241,436,443,436,76050,438,18550,74383,116788,63791,59626,116435,434,18569,433,436,65126,434,59272,19043,77380,59799,471,432,64638,59867,65257,58,18550,77635,59898,73186,59929,73448,59713,18577,65208
25,144,30,18252,0,29,24,21,21,18220,18242,27,22,31,18213,18167,62237,24,21,16,26,29,20,29,37,19,27,31,23,17985,51,18062,18,31,33,45,25,19,72258,20,115604,23,27,25,24,25,23,21,22,18087,23,18126,21,57,57,25,24,22,17165,18139,17229,16901,17924,34,21,32,25,22,16,27,27,22,116829,19,18,22,19,17,24,21,18,17,20,136,133,24,23,19,72326,34,22,34,18211,22,21,19,26,19,23,19,23,30,17926,57248,62321,17574,74288,17675,61556,17951,108606,70391,17701,77,62,69221,18022,57596,17542,60,73257,17799,377,17810,17932,17902,72682,17621,64,71262,111993,60777,57016,112088,17738,71,17809,17817,62130,17842,56584,17584,74203,57190,18054,17899,61646,57266,62237,18138,61,74527,57329,70056,57343,70331,57105,78,62238
28,146,32,18581,29,0,29,25,25,18545,18567,32,27,35,18540,18492,63707,15,24,20,27,33,24,32,38,22,30,19,27,18312,56,18387,22,22,38,48,28,24,73543,24,117451,27,30,27,28,29,25,24,27,18410,29,18449,26,63,64,30,27,28,17467,18468,17552,17194,18248,39,24,35,29,26,20,32,31,25,118671,23,22,26,23,21,27,26,22,20,24,137,134,27,27,23,73684,39,15,39,18535,26,23,22,20,22,25,22,26,32,18240,58686,63751,17878,75791,17981,62966,18269,110344,71764,18015,82,68,70561,18339,59045,17833,63,74789,18114,387,18125,18249,18218,74072,17930,70,72600,113814,62176,58440,113860,18054,75,18125,18132,63601,18155,58004,17879,75633,58620,18372,18213,63084,58694,63684,18464,67,75968,58764,71423,58781,71698,58536,83,63712
17,137,23,18538,24,29,0,14,14,18503,18524,5,16,25,18498,18448,63671,24,13,9,25,22,13,21,35,11,20,30,17,18265,53,18341,11,32,11,37,25,13,73427,13,117199,17,19,17,17,19,14,13,16,18368,17,18408,15,58,59,19,16,17,17421,18421,17502,17148,18202,30,13,9,18,12,9,20,14,21,118439,12,10,23,12,10,24,23,11,9,12,130,127,23,25,10,73461,37,20,35,18492,16,22,19,24,11,22,11,15,28,18193,58642,63715,17837,75578,17940,62932,18221,110200,71569,17967,79,65,70368,18290,59001,17793,58,74600,18066,383,18077,18198,18170,73891,17884,67,72371,113606,62141,58396,113644,18009,72,18078,18085,63566,18107,57960,17835,75451,58576,18326,18166,63049,58650,63649,18418,63,75787,58720,71230,58737,71502,58492,78,63677
13,133,19,18574,21,25,14,0,10,18538,18560,17,12,21,18533,18484,63678,20,9,5,21,18,9,17,31,7,16,26,13,18300,49,18375,7,28,23,33,21,9,73611,7,117430,13,15,12,13,15,8,7,12,18403,13,18441,11,55,55,15,12,13,17459,18457,17544,17186,18237,26,7,21,14,10,5,16,16,17,118648,8,4,19,8,6,20,19,7,5,6,126,123,19,21,6,73652,33,16,31,18527,12,18,15,21,7,18,7,11,24,18229,58658,63722,17881,75761,17985,62938,18258,110393,71761,18003,75,61,70558,18327,59016,17836,55,74784,18102,380,18114,18237,18207,74066,17919,63,72571,113812,62148,58412,113848,18043,68,18114,18121,63572,18144,57976,17882,75627,58592,18361,18202,63056,58666,63654,18453,59,75960,58736,71420,58753,71694,58508,76,63681
13,133,19,18570,21,25,14,10,0,18534,18556,17,12,22,18529,18480,63672,20,9,5,21,18,9,17,31,7,16,26,13,18296,49,18371,7,29,24,33,21,9,73607,9,117427,11,13,12,13,13,10,9,13,18399,14,18437,11,55,56,15,12,14,17458,18453,17543,17186,18233,26,9,21,14,8,5,17,16,17,118647,8,6,19,6,6,20,19,7,5,8,126,123,19,21,7,73648,33,16,32,18524,12,18,15,21,7,18,7,11,24,18229,58648,63711,17881,75757,17985,62934,18255,110385,71757,18004,75,61,70554,18327,59007,17836,55,74781,18102,380,18114,18235,18207,74056,17919,64,72567,113810,62143,58402,113847,18043,68,18114,18121,63565,18144,57967,17880,75617,58581,18361,18202,63051,58655,63652,18449,60,75952,58725,71416,58742,71691,58498,74,63676
18540,18644,18541,14,18220,18545,18503,18538,18534,0,3,18505,18538,18544,5,4,65112,18530,18536,18531,18461,18541,18534,18220,18545,18535,18543,18554,18539,19,18517,28,18534,18550,18545,18554,18530,18536,75565,18537,119486,18536,18541,18377,18509,18517,18538,18537,18539,15,18541,14,18539,18521,18524,18542,18540,18539,18128,37,18125,17989,39,18546,18534,18506,18542,18538,18533,18542,18485,18544,121372,18535,18534,18543,18534,18534,18520,18497,18534,18533,18534,18632,18620,18488,18518,18534,75574,18556,18541,18551,3,18528,18529,18539,18540,18533,18542,18532,18538,18551,432,59842,65201,19038,77697,19064,64582,544,112933,73460,432,18529,18524,72410,435,60127,19011,18531,76704,438,18204,429,442,431,76036,431,18512,74358,116768,63771,59599,116424,430,18534,430,431,65098,429,59243,19027,77358,59778,470,428,64611,59845,65230,56,18516,77615,59876,73162,59907,73425,59688,18544,65178
18562,18663,18563,11,18242,18567,18524,18560,18556,3,0,18526,18560,18566,2,4,65131,18552,18558,18551,18483,18560,18556,18237,18567,18557,18565,18573,18561,16,18540,27,18556,18572,18567,18576,18552,18558,75577,18559,119509,18558,18563,18399,18531,18536,18560,18559,18562,14,18563,11,18561,18543,18543,18564,18562,18561,18148,36,18144,18012,38,18567,18556,18524,18564,18558,18555,18564,18506,18566,121390,18557,18556,18565,18556,18556,18542,18518,18556,18555,18556,18647,18635,18510,18540,18556,75598,18576,18563,18573,5,18550,18550,18561,18563,18555,18564,18555,18560,18570,437,59850,65220,19042,77709,19068,64599,549,112954,73475,438,18551,18546,72425,436,60134,19019,18553,76726,444,18226,429,441,436,76045,436,18534,74380,116779,63790,59611,116428,429,18556,435,434,65117,434,59263,19036,77371,59785,473,433,64629,59854,65247,53,18535,77627,59883,73178,59915,73440,59699,18564,65197
20,140,26,18539,27,32,5,17,17,18505,18526,0,19,28,18500,18450,63673,27,16,12,28,25,16,24,38,14,23,33,20,18267,56,18343,14,35,14,40,27,16,73428,16,117199,20,22,20,20,21,17,16,19,18370,20,18410,18,61,62,22,19,20,17422,18423,17507,17150,18204,33,16,12,21,17,12,23,17,24,118436,15,13,26,15,13,27,25,14,12,15,133,130,25,27,13,73463,40,23,38,18493,19,25,22,27,14,25,14,18,31,18195,58610,63717,17839,75579,17942,62934,18223,110202,71571,17969,82,68,70370,18292,58969,17795,61,74602,18068,386,18079,18202,18172,73892,17886,70,72372,113607,62143,58364,113646,18011,75,18080,18087,63568,18109,57928,17839,75452,58544,18328,18168,63051,58618,63652,18420,66,75788,58688,71232,58705,71504,58460,83,63679
11,131,17,18574,22,27,16,12,12,18538,18560,19,0,19,18533,18484,63676,22,11,7,23,16,11,15,33,9,18,28,15,18300,51,18375,9,30,25,35,23,11,73610,11,117431,15,17,15,15,17,12,11,14,18403,15,18441,13,57,59,17,14,15,17457,18457,17542,17185,18237,28,11,23,16,10,7,18,18,19,118649,6,8,21,10,8,22,21,9,7,10,128,125,21,23,8,73651,35,18,33,18527,14,20,17,23,9,20,9,9,26,18229,58656,63720,17881,75760,17985,62936,18258,110391,71760,18003,77,63,70557,18327,59015,17836,57,74783,18102,382,18114,18235,18207,74065,17919,65,72568,113812,62146,58410,113848,18043,70,18114,18121,63570,18144,57974,17880,75626,58590,18361,18202,63054,58664,63654,18453,61,75961,58734,71419,58751,71694,58506,76,63681
16,136,2,18580,31,35,25,21,22,18544,18566,28,19,0,18540,18490,63681,31,20,14,32,19,20,19,40,16,27,35,22,18306,58,18381,18,37,34,42,32,20,73617,20,117436,24,27,22,24,26,21,20,23,18409,24,18447,22,62,62,26,23,22,17464,18463,17550,17191,18243,35,21,32,25,22,16,27,26,28,118654,15,17,30,19,17,29,30,18,16,19,136,134,31,32,17,73658,43,24,42,18533,23,28,26,30,18,29,18,14,33,18235,58660,63725,17887,75767,17992,62941,18264,110398,71766,18009,84,70,70563,18333,59019,17843,65,74790,18108,389,18120,18243,18213,74072,17925,71,72576,113818,62151,58414,113854,18049,78,18120,18127,63575,18150,57978,17888,75633,58594,18367,18208,63059,58668,63658,18459,68,75968,58738,71425,58755,71700,58510,85,63686
18535,18636,18535,11,18213,18540,18498,18533,18529,5,2,18500,18533,18540,0,3,65117,18524,18531,18522,18456,18533,18530,18209,18543,18530,18536,18546,18534,17,18512,26,18530,18544,18541,18549,18525,18531,75559,18532,119493,18531,18536,18373,18503,18509,18533,18532,18536,15,18537,12,18534,18516,18517,18537,18534,18535,18140,36,18134,18003,40,18540,18529,18500,18537,18531,18528,18538,18479,18539,121381,18530,18529,18538,18529,18529,18516,18492,18529,18528,18529,18611,18601,18483,18515,18530,75581,18551,18536,18550,5,18524,18524,18532,18536,18529,18537,18529,18533,18543,431,59846,65207,18996,77701,19024,64589,542,112936,73455,431,18528,18519,72403,427,60129,18977,18526,76709,435,18198,427,436,431,76033,431,18509,74356,116775,63779,59606,116410,425,18532,426,428,65104,427,59252,19019,77359,59780,459,426,64616,59847,65236,54,18510,77613,59879,73157,59909,73420,59695,18537,65189
18486,18588,18488,6,18167,18492,18448,18484,18480,4,4,18450,18484,18490,3,0,65112,18476,18482,18475,18410,18485,18481,18165,18494,18481,18489,18497,18485,13,18464,19,18481,18497,18491,18500,18476,18482,75558,18483,119480,18482,18487,18324,18454,18460,18484,18483,18485,11,18487,7,18485,18467,18467,18488,18486,18485,18114,36,18111,17975,33,18492,18481,18450,18488,18482,18479,18488,18430,18490,121364,18481,18480,18489,18480,18480,18468,18444,18480,18479,18480,18571,18562,18434,18469,18480,75560,18504,18487,18500,2,18478,18476,18485,18487,18480,18488,18479,18484,18494,425,59838,65199,19008,77684,19037,64583,537,112924,73450,426,18484,18476,72400,424,60124,18988,18477,76700,428,18151,421,424,420,76027,421,18465,74354,116754,63768,59598,116407,422,18483,422,422,65097,421,59244,19001,77350,59774,461,421,64608,59840,65232,47,18467,77599,59874,73155,59903,73416,59688,18488,65182
63679,63757,63679,65138,62237,63707,63671,63678,63672,65112,65131,63673,63676,63681,65117,65112,0,63664,63674,63673,63326,63650,63672,62703,63708,63667,63677,63692,63675,65061,63664,65083,63675,63701,63687,63691,63594,63675,18923,63677,101116,63666,63680,63240,63667,63468,63677,63677,63677,65111,63681,65107,63679,63671,63672,63682,63680,63679,63378,65124,63415,63303,65028,63687,63675,63677,63681,63676,63673,63679,63474,63705,101604,63673,63673,63706,63675,63674,63701,63467,63674,63673,63674,63739,63730,63396,63583,63673,19752,63716,63702,63710,65112,63676,63685,63702,63708,63672,63704,63671,63676,63710,65021,1700,76,64198,19821,64200,84,65067,94831,18994,64951,63709,63702,18879,65029,1700,64180,63698,19680,64976,63287,64984,64997,65009,20898,64921,63685,20226,98593,88,1703,98928,64937,63700,64974,64981,1101,65006,1708,64153,21128,1714,65037,65032,84,1704,1091,65106,63671,21159,1705,18969,1705,18996,1707,63707,1091
23,143,29,18565,24,15,24,20,20,18530,18552,27,22,31,18524,18476,63664,0,19,15,23,28,19,27,33,16,26,16,22,18293,51,18369,17,18,32,43,23,19,73639,19,117401,22,25,21,23,24,20,19,21,18408,23,18434,21,58,58,25,22,22,17453,18462,17537,17181,18242,34,19,30,24,20,15,26,26,20,118655,18,17,21,18,16,22,20,17,15,19,134,131,21,23,17,73684,35,11,33,18519,21,20,17,15,17,20,17,21,27,18220,58661,63728,17875,75760,17979,62966,18258,110388,71760,17995,77,63,70551,18319,59014,17834,58,74665,18094,382,18105,18228,18198,74025,17910,64,72596,113634,62139,58415,113868,18047,70,18105,18112,63561,18135,57982,17877,75587,58594,18355,18209,63047,58656,63682,18457,60,75922,58737,71412,58736,71686,58511,77,63673
12,132,18,18571,21,24,13,9,9,18536,18558,16,11,20,18531,18482,63674,19,0,4,20,17,8,16,30,6,12,25,10,18298,48,18373,6,27,22,32,20,8,73607,8,117425,12,14,12,12,14,9,8,11,18401,12,18439,10,54,56,14,11,12,17456,18455,17541,17184,18235,23,8,20,13,9,4,15,15,16,118638,7,5,18,7,5,19,18,6,4,7,124,122,18,20,5,73649,31,14,30,18525,11,16,14,20,6,17,6,10,23,18227,58654,63718,17879,75758,17983,62934,18256,110391,71758,18001,74,60,70555,18325,59013,17834,54,74781,18100,379,18112,18235,18205,74063,17917,61,72568,113810,62144,58408,113846,18041,67,18112,18119,63568,18142,57972,17880,75624,58588,18359,18200,63052,58662,63652,18451,58,75959,58732,71417,58749,71692,58504,75,63679
8,126,12,18565,16,20,9,5,5,18531,18551,12,7,14,18522,18475,63673,15,4,0,15,13,4,12,26,0,10,21,8,18295,44,18368,2,23,18,28,16,4,73512,4,117415,8,10,8,8,10,5,4,7,18394,8,18432,6,50,50,10,7,8,17453,18451,17535,17180,18231,21,4,16,9,5,0,11,11,12,118633,3,1,14,3,1,15,14,2,0,3,119,116,14,15,1,73644,27,10,26,18518,7,11,10,16,2,13,2,6,19,18222,58653,63717,17865,75756,17963,62933,18251,110313,71754,17996,70,56,70552,18320,59012,17817,50,74782,18095,375,18107,18230,18200,74061,17912,57,72566,113808,62143,58407,113835,18036,63,18107,18114,63567,18137,57971,17862,75622,58587,18352,18195,63051,58661,63650,18444,54,75957,58731,71414,58748,71692,58503,71,63678
24,144,30,18496,26,27,25,21,21,18461,18483,28,23,32,18456,18410,63326,23,20,15,0,28,20,27,34,17,26,28,21,18232,50,18304,18,30,33,42,24,20,73301,20,116812,23,26,22,23,25,21,20,22,18328,24,18367,21,57,59,25,22,22,17382,18380,17467,17115,18165,33,20,31,25,21,16,26,27,20,118032,19,18,22,19,17,23,22,18,16,20,133,131,22,24,18,73345,34,17,33,18453,22,20,18,23,18,21,18,22,28,18153,58303,63369,17799,75399,17900,62599,18183,109782,71412,17932,77,63,70214,18250,58663,17756,57,74445,18032,380,18042,18166,18134,73691,17851,64,72314,113282,61806,58055,113269,17972,69,18044,18051,63228,18072,57634,17798,75236,58235,18286,18129,62703,58309,63300,18376,61,75571,58379,71063,58396,71348,58152,78,63331
13,132,17,18573,29,33,22,18,18,18541,18560,25,16,19,18533,18485,63650,28,17,13,28,0,17,1,39,15,23,34,21,18304,57,18376,15,36,31,41,28,17,73511,17,117362,21,23,20,21,23,18,17,20,18404,21,18441,19,63,65,23,20,21,17460,18463,17530,17189,18239,34,17,29,22,16,13,24,23,25,118607,12,14,27,16,14,28,27,15,13,16,132,129,27,28,14,73643,40,23,39,18528,20,24,23,29,15,26,15,7,32,18217,58627,63694,17873,75747,17971,62927,18257,110277,71749,17991,83,69,70539,18317,58983,17822,63,74775,18090,386,18101,18222,18195,74022,17906,70,72558,113724,62124,58381,113837,18047,76,18101,18108,63539,18131,57948,17868,75582,58560,18360,18197,63031,58622,63640,18455,67,75917,58703,71401,58705,71679,58478,82,63656
12,132,18,18568,20,24,13,9,9,18534,18556,16,11,20,18530,18481,63672,19,8,4,20,17,0,15,30,6,15,25,12,18297,48,18372,6,27,22,32,20,6,73605,8,117405,12,14,12,10,14,9,8,9,18400,10,18438,8,54,56,12,9,10,17456,18453,17516,17185,18233,25,8,20,11,7,4,15,14,16,118633,7,5,18,7,5,19,18,6,4,7,124,122,18,20,5,73650,31,14,30,18522,11,16,14,20,4,17,4,10,23,18196,58653,63718,17856,75708,17960,62935,18254,110380,71757,17987,74,60,70552,18294,59008,17814,54,74776,18070,379,18088,18202,18174,74033,17897,61,72565,113775,62142,58407,113817,18038,67,18088,18105,63564,18112,57971,17855,75585,58587,18335,18191,63050,58649,63648,18433,58,75890,58728,71414,58730,71688,58502,73,63672
13,131,17,18246,29,32,21,17,17,18220,18237,24,15,19,18209,18165,62703,27,16,12,27,1,15,0,38,14,23,33,19,17993,55,18056,14,35,30,40,28,15,72348,16,115118,20,22,19,20,22,17,16,19,18087,20,18122,18,62,64,22,19,20,17065,18140,17128,16801,17921,33,16,27,21,15,12,23,23,23,116397,11,13,26,15,13,27,26,14,12,15,131,128,26,27,13,72489,39,22,38,18206,19,23,22,28,14,25,14,7,31,17892,57683,62749,17522,74388,17601,61988,17934,108063,70740,17675,82,67,69537,17989,58037,17450,62,73362,17767,376,17779,17897,17868,72692,17586,68,71401,111516,61192,57441,111553,17731,75,17779,17793,62587,17804,57013,17500,74239,57620,18029,17877,62087,57681,62691,18123,65,74553,57762,70386,57761,70669,57537,81,62707
34,154,38,18579,37,38,35,31,31,18545,18567,38,33,40,18543,18494,63708,33,30,26,34,39,30,38,0,28,36,39,33,18314,61,18389,28,41,43,52,34,29,73631,30,117445,33,36,33,34,35,31,30,32,18411,34,18449,32,68,70,36,33,31,17472,18468,17557,17199,18250,45,30,41,35,31,26,37,37,31,118663,29,28,30,29,27,17,32,28,26,30,144,142,33,34,28,73675,45,29,44,18534,32,30,26,34,28,29,28,32,20,18241,58688,63750,17892,75786,17996,62971,18271,110427,71759,18016,88,74,70557,18340,59045,17848,69,74784,18115,393,18126,18248,18219,74067,17932,75,72595,113820,62181,58442,113881,18056,81,18126,18134,63603,18156,58006,17892,75626,58622,18373,18215,63088,58693,63688,18464,72,75959,58764,71418,58781,71694,58538,88,63715
10,128,14,18571,19,22,11,7,7,18535,18557,14,9,16,18530,18481,63667,16,6,0,17,15,6,14,28,0,12,23,10,18297,46,18372,4,25,20,30,18,6,73501,6,117429,10,12,10,10,12,7,6,9,18400,10,18438,8,52,54,12,9,10,17456,18454,17540,17183,18234,23,6,18,11,7,2,13,13,14,118641,5,3,16,5,3,17,16,4,2,5,121,118,16,17,3,73636,29,12,28,18524,9,13,12,18,4,15,4,8,21,18226,58655,63718,17866,75757,17969,62935,18255,110316,71756,18000,72,58,70553,18324,59008,17821,52,74774,18099,377,18111,18234,18204,74063,17916,59,72567,113809,62145,58409,113834,18040,65,18111,18118,63568,18141,57973,17865,75624,58585,18358,18199,63053,58660,63652,18450,56,75954,58732,71415,58749,71688,58505,73,63680
19,138,24,18579,27,30,20,16,16,18543,18565,23,18,27,18536,18489,63677,26,12,10,26,23,15,23,36,12,0,32,17,18305,55,18380,12,33,28,27,27,15,73612,15,117430,19,21,19,19,21,16,15,17,18408,19,18446,17,61,61,20,17,18,17463,18462,17546,17191,18242,29,15,26,19,14,11,22,22,23,118647,14,12,25,14,12,25,24,12,11,14,130,128,24,26,12,73650,37,20,36,18532,17,22,20,27,13,24,13,17,29,18234,58657,63721,17883,75762,17987,62937,18263,110395,71761,18008,80,66,70558,18330,59016,17838,60,74785,18107,385,18119,18240,18212,74067,17923,67,72571,113813,62147,58411,113849,18048,73,18119,18126,63571,18149,57975,17882,75628,58591,18364,18207,63055,58665,63655,18456,64,75963,58735,71420,58752,71695,58507,79,63682
29,147,33,18584,31,19,30,26,26,18554,18573,33,28,35,18546,18497,63692,16,25,21,28,34,25,33,39,23,32,0,28,18317,57,18389,23,10,38,49,29,25,73524,25,117395,28,31,27,29,30,26,25,27,18416,29,18455,27,65,67,31,28,28,17469,18474,17554,17196,18250,40,25,36,30,27,21,32,32,26,118606,24,23,27,24,22,28,27,23,21,25,139,135,28,28,23,73666,41,17,39,18539,27,25,23,21,23,26,23,27,33,18239,58668,63734,17883,75769,17981,62950,18269,110290,71749,18014,83,69,70546,18344,59024,17835,64,74771,18114,390,18125,18248,18218,74050,17930,71,72582,113753,62160,58422,113800,18054,76,18125,18132,63582,18155,57986,17882,75614,58602,18374,18213,63067,58676,63669,18466,67,75947,58744,71410,58761,71689,58518,84,63694
16,133,20,18575,23,27,17,13,13,18539,18561,20,15,22,18534,18485,63675,22,10,8,21,21,12,19,33,10,17,28,0,18301,51,18376,10,30,26,36,23,12,73515,12,117430,16,18,16,16,18,13,12,15,18404,16,18442,14,58,58,18,15,16,17462,18458,17547,17189,18238,21,12,24,17,11,8,19,19,20,118650,11,9,21,11,9,22,21,10,8,11,126,124,22,22,9,73650,34,18,33,18528,15,18,17,23,10,20,10,14,26,18230,58655,63719,17870,75730,17973,62935,18259,110326,71758,18004,77,62,70555,18328,59014,17825,58,74768,18103,383,18115,18236,18208,74064,17920,63,72569,113812,62145,58409,113790,18044,68,18115,18122,63565,18145,57973,17869,75616,58589,18362,18203,63053,58663,63652,18454,60,75924,58733,71417,58750,71692,58505,76,63680
18302,18406,18304,21,17985,18312,18265,18300,18296,19,16,18267,18300,18306,17,13,65061,18293,18298,18295,18232,18304,18297,17993,18314,18297,18305,18317,18301,0,18281,12,18297,18315,18307,18316,18293,18298,75466,18299,119409,18299,18303,18140,18273,18280,18300,18299,18302,20,18303,12,18301,18284,18287,18305,18302,18301,18032,47,18032,17901,47,18313,18299,18275,18304,18300,18295,18304,18249,18307,121260,18297,18296,18306,18296,18296,18305,18266,18297,18295,18296,18396,18392,18251,18291,18296,75496,18323,18304,18319,15,18299,18295,18302,18304,18296,18305,18296,18300,18315,433,59789,65150,18956,77617,18973,64534,552,112873,73385,429,18304,18294,72336,432,60076,18928,18294,76633,429,17977,424,432,429,75966,428,18296,74291,116714,63718,59549,116369,422,18304,426,427,65049,430,59203,18948,77280,59728,463,429,64557,59790,65182,60,18295,77533,59825,73090,59853,73350,59641,18307,65131
52,171,55,18553,51,56,53,49,49,18517,18540,56,51,58,18512,18464,63664,51,48,44,50,57,48,55,61,46,55,57,51,18281,0,18357,46,60,62,71,52,48,73510,48,117382,51,54,52,52,53,49,48,51,18384,53,18421,50,6,7,54,51,51,17435,18438,17520,17164,18218,63,48,59,53,50,44,56,55,49,118611,47,46,50,47,45,50,49,46,44,48,161,158,49,51,47,73639,64,48,63,18506,50,48,46,52,46,49,46,50,55,18193,58645,63712,17846,75755,17950,62929,18239,110305,71721,17969,53,39,70519,18292,58999,17802,33,74743,18068,365,18078,18202,18171,74004,17883,42,72560,113752,62137,58400,113810,18021,45,18078,18085,63557,18108,57964,17848,75564,58580,18337,18180,63045,58642,63642,18434,38,75900,58720,71379,58721,71652,58495,53,63669
18377,18478,18379,28,18062,18387,18341,18375,18371,28,27,18343,18375,18381,26,19,65083,18369,18373,18368,18304,18376,18372,18056,18389,18372,18380,18389,18376,12,18357,0,18372,18390,18383,18391,18368,18373,75495,18374,119433,18373,18378,18215,18345,18351,18375,18374,18377,28,18378,17,18376,18359,18359,18380,18377,18376,18065,52,18065,17931,48,18387,18374,18347,18379,18373,18370,18379,18323,18382,121302,18372,18371,18381,18371,18371,18377,18341,18372,18370,18371,18465,18461,18327,18367,18371,75522,18396,18379,18394,23,18375,18371,18377,18380,18371,18380,18371,18375,18387,436,59817,65170,18978,77644,19002,64559,551,112898,73419,429,18382,18371,72370,441,60105,18953,18369,76659,432,18054,428,434,431,75988,430,18372,74311,116742,63743,59577,116379,427,18379,431,429,65073,431,59229,18968,77308,59753,472,432,64580,59815,65209,66,18367,77558,59852,73123,59881,73379,59666,18380,65154
10,130,16,18569,18,22,11,7,7,18534,18556,14,9,18,18530,18481,63675,17,6,2,18,15,6,14,28,4,12,23,10,18297,46,18372,0,25,20,30,18,6,73608,6,117427,10,12,10,10,12,7,6,9,18399,10,18437,8,52,52,12,9,10,17456,18454,17540,17183,18234,23,6,18,11,5,2,13,13,14,118644,5,3,16,5,3,17,16,4,2,5,122,120,16,18,1,73649,29,12,28,18523,9,14,12,18,4,15,4,8,21,18226,58655,63719,17878,75758,17982,62935,18255,110390,71758,18000,72,58,70555,18324,59014,17833,52,74780,18099,377,18111,18232,18204,74063,17916,59,72568,113810,62145,58409,113845,18040,65,18111,18118,63569,18141,57973,17877,75624,58589,18358,18199,63053,58663,63652,18450,56,75959,58733,71417,58750,71692,58505,71,63680
31,149,35,18586,31,22,32,28,29,18550,18572,35,30,37,18544,18497,63701,18,27,23,30,36,27,35,41,25,33,10,30,18315,60,18390,25,0,40,51,31,27,73538,27,117461,30,34,29,31,32,28,27,29,18415,31,18454,29,66,66,33,30,30,17473,18469,17556,17200,18251,42,28,38,32,29,23,34,34,28,118663,26,25,29,26,24,30,29,25,23,27,140,137,31,30,25,73678,42,18,41,18539,29,26,25,23,25,28,25,29,35,18242,58689,63755,17879,75795,17982,62973,18271,110351,71769,18017,85,71,70568,18339,59045,17835,67,74784,18117,392,18128,18251,18221,74077,17933,72,72607,113825,62183,58446,113871,18057,79,18128,18135,63607,18158,58010,17878,75637,58619,18373,18216,63091,58697,63690,18464,69,75964,58770,71428,58787,71700,58542,85,63716
26,145,32,18581,33,38,11,23,24,18545,18567,14,25,34,18541,18491,63687,32,22,18,33,31,22,30,43,20,28,38,26,18307,62,18383,20,40,0,46,33,22,73608,22,117444,26,29,26,26,28,23,22,25,18410,26,18448,24,66,68,28,25,26,17470,18465,17544,17196,18245,39,23,14,27,24,18,29,23,29,118654,21,19,31,21,19,32,31,20,18,21,138,136,32,33,19,73659,44,27,43,18535,25,29,27,32,20,30,20,24,37,18235,58666,63731,17887,75762,17992,62947,18267,110402,71770,18010,87,73,70567,18334,59025,17843,67,74792,18109,392,18121,18244,18214,74074,17926,74,72579,113821,62157,58420,113847,18051,81,18121,18128,63581,18151,57984,17888,75635,58600,18370,18209,63065,58674,63664,18461,71,75970,58744,71429,58761,71704,58516,88,63692
36,156,40,18589,45,48,37,33,33,18554,18576,40,35,42,18549,18500,63691,43,32,28,42,41,32,40,52,30,27,49,36,18316,71,18391,30,51,46,0,44,32,73623,32,117434,36,38,36,36,37,33,32,35,18419,36,18457,34,76,78,38,35,34,17475,18473,17559,17202,18253,49,32,44,37,31,28,39,39,40,118652,31,29,42,31,29,41,42,30,28,31,149,146,42,44,29,73661,56,39,54,18543,35,41,38,44,30,41,30,34,45,18245,58670,63735,17896,75773,18000,62951,18274,110400,71768,18020,98,84,70568,18343,59029,17851,78,74798,18118,402,18130,18251,18223,74078,17934,86,72583,113823,62161,58424,113856,18059,91,18130,18137,63585,18160,57988,17895,75639,58604,18377,18218,63069,58678,63668,18469,82,75972,58748,71428,58765,71704,58520,97,63696
24,144,30,18566,25,28,25,21,21,18530,18552,27,23,32,18525,18476,63594,23,20,16,24,28,20,28,34,18,27,29,23,18293,52,18368,18,31,33,44,0,20,73574,20,117275,23,26,23,24,25,21,20,22,18395,24,18434,22,60,62,26,23,23,17460,18449,17545,17187,18229,35,20,31,25,22,16,27,27,15,118484,19,18,22,19,17,23,5,18,16,20,135,131,6,5,18,73580,30,19,28,18519,21,21,18,24,18,21,18,22,28,18222,58573,63637,17880,75679,17984,62854,18248,110238,71654,17996,78,64,70451,18321,58932,17835,59,74712,18096,385,18106,18231,18200,73963,17911,65,72497,113648,62064,58326,113700,18035,70,18106,18114,63488,18137,57891,17881,75524,58507,18354,18195,62972,58581,63571,18445,61,75859,58651,71313,58668,71588,58422,79,63603
12,132,18,18572,19,24,13,9,9,18536,18558,16,11,20,18531,18482,63675,19,8,4,20,17,6,15,29,6,15,25,12,18298,48,18373,6,27,22,32,20,0,73610,8,117405,12,14,12,10,14,9,8,9,18401,10,18439,8,54,55,12,9,10,17458,18455,17542,17185,18235,25,8,20,11,8,4,15,14,16,118636,7,5,18,7,5,18,18,6,4,7,125,122,18,20,5,73651,32,15,30,18525,11,17,14,20,4,17,4,10,22,18212,58654,63719,17878,75760,17983,62936,18256,110388,71758,17987,74,60,70554,18310,59009,17834,54,74781,18085,379,18097,18219,18190,74035,17902,62,72570,113796,62146,58408,113835,18042,67,18097,18104,63567,18127,57972,17879,75595,58588,18356,18198,63053,58650,63650,18451,58,75930,58729,71416,58732,71690,58504,74,63679
73616,73707,73615,75589,72258,73543,73427,73611,73607,75565,75577,73428,73610,73617,75559,75558,18923,73639,73607,73512,73301,73511,73605,72348,73631,73501,73612,73524,73515,75466,73510,75495,73608,73538,73608,73623,73574,73610,0,73610,116643,73601,73613,73034,73612,73441,73611,73610,73612,75558,73613,75531,73611,73514,73515,73612,73609,73609,73133,75580,73166,73037,75455,73519,73600,73423,73610,73610,73606,73615,73346,73641,117957,73607,73606,73640,73608,73606,73617,73445,73606,73606,73608,73688,73648,73369,73534,73606,24322,73648,73537,73640,75557,73595,73616,73629,73544,73605,73638,73606,73611,73632,75426,17427,18938,74274,24205,74288,18807,75465,110630,23266,75327,73500,73509,23050,75460,17474,74252,73532,23361,75323,73122,75385,75407,75424,23885,75295,73475,24368,114136,18719,17389,114512,75296,73535,75379,75359,18881,75410,17337,74235,24152,17421,75424,75409,18837,17417,18806,75564,73484,24199,17417,23163,17444,23268,17389,73529,18875
12,132,18,18573,20,24,13,7,9,18537,18559,16,11,20,18532,18483,63677,19,8,4,20,17,8,16,30,6,15,25,12,18299,48,18374,6,27,22,32,20,8,73610,0,117428,12,14,12,12,14,1,0,11,18402,12,18440,10,54,54,14,11,12,17458,18456,17543,17185,18236,25,6,20,13,9,4,15,15,16,118648,7,3,18,7,5,19,18,6,4,5,125,122,18,20,5,73651,32,15,30,18526,11,17,14,20,6,17,6,10,23,18228,58657,63721,17880,75760,17983,62937,18257,110392,71760,18002,74,60,70557,18326,59016,17835,54,74783,18101,379,18113,18236,18206,74065,17918,62,72570,113811,62147,58411,113847,18042,67,18113,18120,63571,18143,57975,17881,75626,58591,18360,18201,63055,58665,63654,18452,58,75961,58735,71419,58752,71694,58507,75,63682
117435,117529,117434,119514,115604,117451,117199,117430,117427,119486,119509,117199,117431,117436,119493,119480,101116,117401,117425,117415,116812,117362,117405,115118,117445,117429,117430,117395,117430,119409,117382,119433,117427,117461,117444,117434,117275,117405,116643,117428,0,117414,117431,116443,117402,117062,117432,117431,117431,119485,117434,119454,117430,117379,117380,117428,117433,117430,116114,119510,116168,115987,119384,117431,117420,117180,117435,117430,117425,117431,116941,117458,23262,117427,117425,117456,117426,117426,117409,117176,117420,117427,117428,117484,117448,117052,117231,117427,117066,117465,117443,117451,119471,117411,117402,117450,117462,117400,117453,117403,117433,117454,119351,92971,101081,117655,119649,117670,100736,119398,21478,113302,119268,117434,117413,112682,119381,93145,117640,117440,118205,119231,116915,119312,119342,119327,118260,119194,117402,115093,22139,100241,92821,22396,119260,117441,119315,119301,100978,119323,92659,117623,119070,92950,119372,119389,100793,92979,100898,119484,117412,119238,92985,113121,92999,113241,92889,117459,101073
16,136,22,18572,23,27,17,13,11,18536,18558,20,15,24,18531,18482,63666,22,12,8,23,21,12,20,33,10,19,28,16,18299,51,18373,10,30,26,36,23,12,73601,12,117414,0,2,0,16,2,13,12,15,18401,16,18439,14,57,57,18,15,16,17459,18455,17543,17187,18235,29,12,24,17,11,8,19,19,19,118627,11,9,21,5,9,22,21,10,8,11,129,126,21,23,9,73644,35,18,33,18524,15,20,17,23,10,20,10,14,27,18227,58646,63710,17881,75752,17985,62927,18256,110382,71749,18001,77,63,70548,18325,59005,17834,57,74771,18100,383,18112,18233,18206,74055,17918,65,72560,113798,62136,58400,113835,18042,70,18112,18120,63560,18143,57964,17878,75615,58580,18359,18200,63044,58654,63644,18451,61,75950,58724,71409,58741,71684,58496,76,63672
18,138,24,18577,27,30,19,15,13,18541,18563,22,17,27,18536,18487,63680,25,14,10,26,23,14,22,36,12,21,31,18,18303,54,18378,12,34,29,38,26,14,73613,14,117431,2,0,3,18,4,15,14,18,18406,19,18444,16,60,63,20,17,19,17463,18460,17548,17191,18240,31,14,26,19,13,10,22,21,22,118646,13,11,24,7,11,25,24,12,10,13,131,128,24,26,12,73653,38,21,37,18530,17,23,20,26,12,23,12,16,29,18232,58658,63724,17884,75763,17988,62941,18261,110393,71763,18007,80,66,70561,18330,59017,17839,60,74785,18105,385,18117,18238,18211,74069,17923,69,72574,113813,62150,58412,113848,18047,73,18117,18125,63574,18148,57976,17883,75629,58592,18364,18205,63058,58666,63658,18456,65,75964,58736,71422,58753,71697,58508,79,63686
15,133,20,18413,25,27,17,12,12,18377,18399,20,15,22,18373,18324,63240,21,12,8,22,20,12,19,33,10,19,27,16,18140,52,18215,10,29,26,36,23,12,73034,12,116443,0,3,0,16,2,13,12,15,18242,16,18280,14,59,61,18,15,16,17286,18297,17355,17014,18077,29,13,24,17,11,8,19,19,20,117689,11,9,21,5,9,22,21,10,8,11,127,125,23,23,9,73130,35,19,32,18365,15,20,17,23,10,20,10,13,26,18038,58221,63285,17710,75089,17815,62502,18099,109467,71151,17842,75,63,69957,18138,58580,17666,59,74197,17923,380,17942,18044,18021,73489,17755,65,72024,112881,61715,57979,112891,17882,71,17940,17961,63134,17967,57539,17708,74999,58155,18173,18040,62619,58229,63221,18266,61,75308,58299,70809,58316,71089,58071,74,63251
16,136,22,18544,24,28,17,13,13,18509,18531,20,15,24,18503,18454,63667,23,12,8,23,21,10,20,34,10,19,29,16,18273,52,18345,10,31,26,36,24,10,73612,12,117402,16,18,16,0,18,13,12,11,18405,12,18414,2,58,60,1,3,4,17462,18459,17547,17189,18239,29,12,24,13,13,8,19,19,20,118644,11,9,22,11,9,23,22,10,8,11,128,126,22,24,9,73655,35,18,34,18499,15,20,18,24,8,21,8,14,27,18216,58637,63704,17882,75765,17987,62941,18254,110373,71764,17991,78,64,70554,18314,58993,17833,58,74697,18089,383,18101,18224,18194,74023,17906,65,72570,113635,62138,58391,113851,18046,71,18101,18108,63560,18131,57958,17877,75585,58570,18342,18205,63046,58632,63657,18455,62,75920,58713,71415,58715,71689,58488,79,63670
18,138,24,18547,25,29,19,15,13,18517,18536,21,17,26,18509,18460,63468,24,14,10,25,23,14,22,35,12,21,30,18,18280,53,18351,12,32,28,37,25,14,73441,14,117062,2,4,2,18,0,15,14,17,18379,18,18418,16,59,60,20,17,18,17446,18438,17532,17175,18214,31,14,26,19,13,10,21,21,21,118273,13,11,23,7,11,24,23,12,10,13,129,127,23,25,11,73450,37,20,34,18502,17,22,19,25,12,22,12,16,29,18205,58449,63511,17867,75558,17967,62727,18231,110058,71549,17979,79,65,70347,18308,58808,17818,59,74603,18078,384,18090,18211,18184,73863,17896,67,72365,113488,61936,58203,113504,18020,72,18090,18098,63359,18121,57767,17864,75423,58383,18339,18178,62844,58457,63446,18430,63,75758,58527,71210,58544,71489,58299,78,63472
13,133,19,18574,23,25,14,8,10,18538,18560,17,12,21,18533,18484,63677,20,9,5,21,18,9,17,31,7,16,26,13,18300,49,18375,7,28,23,33,21,9,73611,1,117432,13,15,13,13,15,0,1,12,18403,13,18441,11,56,58,15,12,13,17459,18457,17544,17186,18237,26,7,21,14,8,5,16,16,17,118648,8,4,19,8,6,20,19,7,5,6,125,123,19,21,6,73652,32,15,31,18527,12,17,15,21,7,18,7,11,24,18229,58657,63721,17881,75761,17985,62937,18258,110393,71760,18003,75,61,70558,18327,59016,17836,55,74783,18102,380,18114,18235,18207,74066,17919,62,72571,113812,62147,58411,113848,18043,68,18114,18121,63571,18144,57975,17880,75627,58591,18360,18202,63055,58665,63654,18453,59,75962,58735,71420,58752,71695,58507,74,63682
12,132,18,18573,21,24,13,7,9,18537,18559,16,11,20,18532,18483,63677,19,8,4,20,17,8,16,30,6,15,25,12,18299,48,18374,6,27,22,32,20,8,73610,0,117431,12,14,12,12,14,1,0,11,18402,12,18440,10,54,56,14,11,12,17458,18456,17543,17185,18236,25,6,20,13,7,4,15,15,16,118649,7,3,18,7,5,19,18,6,4,5,124,122,18,20,5,73651,31,14,30,18526,11,16,14,20,6,17,6,10,23,18228,58657,63721,17880,75760,17984,62937,18257,110392,71760,18002,74,60,70557,18326,59016,17835,54,74783,18101,379,18113,18234,18206,74065,17918,61,72570,113811,62147,58411,113847,18042,67,18113,18120,63571,18143,57975,17879,75626,58591,18360,18201,63055,58665,63654,18452,58,75961,58735,71419,58752,71694,58507,73,63682
15,135,21,18574,22,27,16,12,13,18539,18562,19,14,23,18536,18485,63677,21,11,7,22,20,9,19,32,9,17,27,15,18302,51,18377,9,29,25,35,22,9,73612,11,117431,15,18,15,11,17,12,11,0,18405,11,18443,9,56,58,13,10,11,17460,18458,17546,17188,18239,28,12,23,12,11,7,18,18,18,118643,10,8,20,10,8,21,20,9,7,10,128,125,21,22,8,73653,34,17,32,18528,14,19,16,22,7,19,7,13,26,18231,58657,63721,17883,75761,17988,62937,18260,110391,71760,18005,76,62,70557,18329,59016,17839,57,74781,18104,382,18116,18237,18209,74065,17921,64,72569,113810,62147,58411,113846,18045,70,18116,18123,63571,18146,57975,17882,75626,58591,18362,18204,63055,58665,63655,18455,60,75961,58734,71419,58752,71694,58507,75,63678
18405,18506,18406,18,18087,18410,18368,18403,18399,15,14,18370,18403,18409,15,11,65111,18408,18401,18394,18328,18404,18400,18087,18411,18400,18408,18416,18404,20,18384,28,18399,18415,18410,18419,18395,18401,75558,18402,119485,18401,18406,18242,18405,18379,18403,18402,18405,0,18406,12,18404,18386,18386,18407,18405,18404,18115,44,18113,17978,46,18410,18399,18368,18407,18401,18398,18407,18349,18409,121365,18400,18399,18408,18399,18399,18386,18361,18400,18398,18399,18494,18482,18353,18383,18399,75575,18419,18406,18416,17,18393,18394,18404,18406,18399,18407,18399,18403,18414,438,59839,65200,19018,77688,19043,64581,550,112937,73460,438,18394,18389,72408,441,60123,18988,18396,76696,442,18123,434,445,440,76020,437,18377,74359,116766,63770,59599,116348,435,18399,436,435,65097,435,59242,19001,77349,59773,473,435,64609,59841,65227,64,18378,77605,59871,73161,59903,73424,59688,18407,65179
16,136,22,18577,23,29,17,13,14,18541,18563,20,15,24,18537,18487,63681,23,12,8,24,21,10,20,34,10,19,29,16,18303,53,18378,10,31,26,36,24,10,73613,12,117434,16,19,16,12,18,13,12,11,18406,0,18444,10,58,58,14,11,12,17462,18460,17548,17189,18240,29,13,24,1,12,8,19,19,20,118654,11,9,22,11,9,23,22,10,8,11,128,126,23,24,9,73654,35,18,34,18530,15,20,18,24,8,21,8,14,27,18232,58660,63725,17884,75764,17989,62941,18261,110395,71764,18006,78,64,70561,18330,59019,17840,59,74786,18105,383,18117,18238,18210,74069,17922,65,72574,113815,62151,58414,113848,18046,72,18117,18124,63575,18147,57978,17883,75631,58594,18364,18205,63059,58668,63658,18456,62,75966,58738,71423,58755,71698,58510,77,63685
18443,18544,18444,19,18126,18449,18408,18441,18437,14,11,18410,18441,18447,12,7,65107,18434,18439,18432,18367,18441,18438,18122,18449,18438,18446,18455,18442,12,18421,17,18437,18454,18448,18457,18434,18439,75531,18440,119454,18439,18444,18280,18414,18418,18441,18440,18443,12,18444,0,18442,18425,18425,18445,18443,18442,18106,41,18102,17968,41,18448,18436,18409,18445,18441,18436,18444,18387,18448,121333,18438,18437,18447,18437,18437,18425,18400,18437,18436,18437,18536,18524,18392,18423,18437,75545,18458,18445,18455,12,18431,18433,18443,18445,18437,18446,18437,18441,18452,435,59832,65196,19020,77665,19047,64575,545,112905,73446,432,18435,18428,72396,436,60116,18994,18435,76679,440,18113,430,442,429,75998,431,18418,74343,116729,63760,59593,116393,429,18438,430,430,65091,429,59245,19008,77322,59768,474,428,64606,59836,65223,59,18420,77578,59864,73148,59897,73411,59681,18448,65172
